1.817500000000000000e+04
1.919900000000000000e+04
1.948300000000000000e+04
1.824000000000000000e+04
1.790000000000000000e+04
1.788400000000000000e+04
1.948200000000000000e+04
1.948100000000000000e+04
1.821400000000000000e+04
1.814700000000000000e+04
1.820000000000000000e+04
1.779100000000000000e+04
4.000000000000000000e+01
1.947300000000000000e+04
1.812900000000000000e+04
1.804600000000000000e+04
1.819000000000000000e+04
1.787300000000000000e+04
1.947000000000000000e+04
1.812300000000000000e+04
1.818300000000000000e+04
1.784700000000000000e+04
1.787200000000000000e+04
1.915200000000000000e+04
1.786500000000000000e+04
1.229300000000000000e+04
1.920900000000000000e+04
1.920500000000000000e+04
1.887400000000000000e+04
1.887000000000000000e+04
1.888600000000000000e+04
1.945900000000000000e+04
1.946000000000000000e+04
8.000000000000000000e+00
1.912800000000000000e+04
1.903900000000000000e+04
1.880400000000000000e+04
1.945700000000000000e+04
1.809800000000000000e+04
1.803400000000000000e+04
1.803300000000000000e+04
1.801400000000000000e+04
2.000000000000000000e+00
1.911700000000000000e+04
1.912200000000000000e+04
1.912100000000000000e+04
1.905300000000000000e+04
1.886500000000000000e+04
1.905200000000000000e+04
1.807300000000000000e+04
1.801000000000000000e+04
1.775300000000000000e+04
1.911300000000000000e+04
1.885800000000000000e+04
1.740700000000000000e+04
1.802400000000000000e+04
1.800400000000000000e+04
1.908700000000000000e+04
1.909600000000000000e+04
1.868700000000000000e+04
1.878700000000000000e+04
1.806600000000000000e+04
1.799700000000000000e+04
1.766100000000000000e+04
1.780500000000000000e+04
1.776200000000000000e+04
1.900600000000000000e+04
1.884900000000000000e+04
1.882900000000000000e+04
1.874900000000000000e+04
1.878600000000000000e+04
1.805500000000000000e+04
1.799500000000000000e+04
3.686000000000000000e+04
1.904000000000000000e+04
1.901900000000000000e+04
1.868300000000000000e+04
1.868400000000000000e+04
1.867900000000000000e+04
1.739800000000000000e+04
1.780100000000000000e+04
1.908100000000000000e+04
1.900200000000000000e+04
1.868100000000000000e+04
1.739500000000000000e+04
1.805100000000000000e+04
1.805200000000000000e+04
1.771500000000000000e+04
1.907600000000000000e+04
1.901200000000000000e+04
1.875500000000000000e+04
1.764900000000000000e+04
1.771400000000000000e+04
1.739200000000000000e+04
1.796800000000000000e+04
1.796200000000000000e+04
1.795700000000000000e+04
1.764200000000000000e+04
1.764100000000000000e+04
1.763700000000000000e+04
1.762100000000000000e+04
1.770600000000000000e+04
1.767900000000000000e+04
3.683500000000000000e+04
3.683600000000000000e+04
3.683200000000000000e+04
1.766900000000000000e+04
3.679400000000000000e+04
1.752300000000000000e+04
1.767200000000000000e+04
1.750000000000000000e+04
3.677900000000000000e+04
1.751400000000000000e+04
3.677800000000000000e+04
1.747100000000000000e+04
3.675600000000000000e+04
3.669600000000000000e+04
3.675000000000000000e+04
3.667000000000000000e+04
3.666900000000000000e+04
3.669000000000000000e+04
3.660400000000000000e+04
3.663900000000000000e+04
1.745700000000000000e+04
1.743800000000000000e+04
3.657200000000000000e+04
1.743000000000000000e+04
3.656600000000000000e+04
3.630700000000000000e+04
3.630200000000000000e+04
1.676300000000000000e+04
1.742400000000000000e+04
3.647500000000000000e+04
3.647600000000000000e+04
3.647100000000000000e+04
3.662400000000000000e+04
3.621800000000000000e+04
2.117400000000000000e+04
2.118900000000000000e+04
1.675100000000000000e+04
3.653100000000000000e+04
3.661600000000000000e+04
3.628000000000000000e+04
2.253600000000000000e+04
2.253100000000000000e+04
2.119200000000000000e+04
1.741000000000000000e+04
3.626900000000000000e+04
3.629000000000000000e+04
3.620500000000000000e+04
2.116600000000000000e+04
3.620300000000000000e+04
2.109900000000000000e+04
3.652100000000000000e+04
3.644100000000000000e+04
3.643700000000000000e+04
2.109300000000000000e+04
1.674400000000000000e+04
3.650000000000000000e+04
3.624800000000000000e+04
2.116000000000000000e+04
1.670200000000000000e+04
1.671800000000000000e+04
3.625800000000000000e+04
3.617700000000000000e+04
2.107400000000000000e+04
1.678400000000000000e+04
2.113200000000000000e+04
2.106700000000000000e+04
1.677300000000000000e+04
1.669800000000000000e+04
1.671400000000000000e+04
3.649000000000000000e+04
3.623300000000000000e+04
3.616600000000000000e+04
2.106500000000000000e+04
1.670800000000000000e+04
3.648400000000000000e+04
3.640400000000000000e+04
3.607900000000000000e+04
3.616800000000000000e+04
2.072800000000000000e+04
1.668600000000000000e+04
1.668900000000000000e+04
3.582500000000000000e+04
3.639700000000000000e+04
3.606100000000000000e+04
2.072100000000000000e+04
3.607100000000000000e+04
2.103500000000000000e+04
2.101900000000000000e+04
3.637400000000000000e+04
3.607300000000000000e+04
3.605400000000000000e+04
2.103300000000000000e+04
3.478700000000000000e+04
1.665400000000000000e+04
3.638600000000000000e+04
3.604600000000000000e+04
1.650800000000000000e+04
3.578800000000000000e+04
3.636400000000000000e+04
3.604300000000000000e+04
3.603900000000000000e+04
2.100800000000000000e+04
1.650100000000000000e+04
3.570500000000000000e+04
3.602200000000000000e+04
3.603800000000000000e+04
3.595800000000000000e+04
3.476100000000000000e+04
3.467700000000000000e+04
2.066500000000000000e+04
2.067800000000000000e+04
1.650000000000000000e+04
1.664800000000000000e+04
3.473500000000000000e+04
3.474000000000000000e+04
3.475600000000000000e+04
2.066000000000000000e+04
1.649300000000000000e+04
3.603400000000000000e+04
3.473700000000000000e+04
3.467000000000000000e+04
2.099300000000000000e+04
1.648700000000000000e+04
3.567100000000000000e+04
3.603200000000000000e+04
3.465200000000000000e+04
2.063100000000000000e+04
1.648500000000000000e+04
3.575300000000000000e+04
3.567300000000000000e+04
3.600900000000000000e+04
3.592500000000000000e+04
3.472500000000000000e+04
1.648400000000000000e+04
3.558300000000000000e+04
3.600300000000000000e+04
3.464300000000000000e+04
3.430300000000000000e+04
2.064800000000000000e+04
1.646600000000000000e+04
3.568200000000000000e+04
3.532500000000000000e+04
3.600100000000000000e+04
3.598600000000000000e+04
3.472100000000000000e+04
3.470100000000000000e+04
3.430200000000000000e+04
1.648000000000000000e+04
3.572400000000000000e+04
3.565900000000000000e+04
3.591600000000000000e+04
3.592000000000000000e+04
3.455500000000000000e+04
3.463600000000000000e+04
1.643700000000000000e+04
1.645400000000000000e+04
3.563700000000000000e+04
3.597300000000000000e+04
3.461700000000000000e+04
2.061800000000000000e+04
2.053300000000000000e+04
3.571500000000000000e+04
3.589600000000000000e+04
3.591200000000000000e+04
3.454300000000000000e+04
3.454700000000000000e+04
3.462700000000000000e+04
3.556500000000000000e+04
3.554900000000000000e+04
3.461000000000000000e+04
3.460900000000000000e+04
3.462600000000000000e+04
2.053000000000000000e+04
3.530300000000000000e+04
3.588400000000000000e+04
3.586800000000000000e+04
3.586300000000000000e+04
3.460300000000000000e+04
3.427900000000000000e+04
3.556200000000000000e+04
3.555700000000000000e+04
3.530500000000000000e+04
3.528900000000000000e+04
3.586100000000000000e+04
3.451800000000000000e+04
3.460100000000000000e+04
3.562400000000000000e+04
3.587500000000000000e+04
2.051600000000000000e+04
4.671900000000000000e+04
3.551800000000000000e+04
3.555400000000000000e+04
3.560200000000000000e+04
3.526100000000000000e+04
3.528200000000000000e+04
3.457800000000000000e+04
3.417300000000000000e+04
3.519500000000000000e+04
3.585200000000000000e+04
3.449100000000000000e+04
3.457100000000000000e+04
3.457200000000000000e+04
3.553000000000000000e+04
3.456500000000000000e+04
1.639300000000000000e+04
3.544800000000000000e+04
3.525600000000000000e+04
3.447900000000000000e+04
3.448400000000000000e+04
3.960300000000000000e+04
4.745500000000000000e+04
4.678800000000000000e+04
4.651600000000000000e+04
3.552100000000000000e+04
3.543700000000000000e+04
3.524500000000000000e+04
3.422600000000000000e+04
3.422500000000000000e+04
4.685000000000000000e+04
4.649400000000000000e+04
4.644900000000000000e+04
4.643000000000000000e+04
1.638400000000000000e+04
3.543500000000000000e+04
3.541900000000000000e+04
3.526400000000000000e+04
3.441600000000000000e+04
3.422000000000000000e+04
3.415500000000000000e+04
4.744700000000000000e+04
4.675900000000000000e+04
4.674700000000000000e+04
4.644800000000000000e+04
3.543000000000000000e+04
3.541700000000000000e+04
3.541400000000000000e+04
3.523700000000000000e+04
3.421800000000000000e+04
3.420200000000000000e+04
3.419700000000000000e+04
3.415400000000000000e+04
3.413800000000000000e+04
4.674100000000000000e+04
4.669800000000000000e+04
4.668200000000000000e+04
3.549100000000000000e+04
3.446800000000000000e+04
3.421200000000000000e+04
4.746400000000000000e+04
4.745900000000000000e+04
4.744800000000000000e+04
4.673500000000000000e+04
4.669200000000000000e+04
3.547000000000000000e+04
3.521300000000000000e+04
3.516900000000000000e+04
3.444900000000000000e+04
3.436600000000000000e+04
3.404600000000000000e+04
3.404500000000000000e+04
3.419400000000000000e+04
3.414600000000000000e+04
3.958600000000000000e+04
4.743800000000000000e+04
4.743700000000000000e+04
4.607800000000000000e+04
4.675400000000000000e+04
4.675300000000000000e+04
4.641700000000000000e+04
3.542400000000000000e+04
3.512700000000000000e+04
3.378300000000000000e+04
3.418700000000000000e+04
3.418300000000000000e+04
3.410800000000000000e+04
3.958400000000000000e+04
4.741500000000000000e+04
4.667200000000000000e+04
4.639500000000000000e+04
4.639600000000000000e+04
3.506500000000000000e+04
3.378600000000000000e+04
3.412100000000000000e+04
4.672500000000000000e+04
4.666100000000000000e+04
3.506400000000000000e+04
3.444000000000000000e+04
3.435500000000000000e+04
3.410000000000000000e+04
3.947100000000000000e+04
4.743200000000000000e+04
4.742700000000000000e+04
4.664800000000000000e+04
4.666000000000000000e+04
3.537800000000000000e+04
3.511800000000000000e+04
3.510200000000000000e+04
3.947400000000000000e+04
3.503100000000000000e+04
3.511500000000000000e+04
3.377100000000000000e+04
3.407600000000000000e+04
4.738700000000000000e+04
4.661900000000000000e+04
4.661500000000000000e+04
3.504900000000000000e+04
3.503400000000000000e+04
3.402500000000000000e+04
3.401000000000000000e+04
3.400900000000000000e+04
3.400600000000000000e+04
3.406900000000000000e+04
3.945000000000000000e+04
3.944900000000000000e+04
4.605800000000000000e+04
4.605300000000000000e+04
4.661700000000000000e+04
3.509200000000000000e+04
3.376400000000000000e+04
3.432400000000000000e+04
3.402400000000000000e+04
3.408800000000000000e+04
4.630800000000000000e+04
3.508500000000000000e+04
3.406100000000000000e+04
3.945800000000000000e+04
3.943700000000000000e+04
4.601400000000000000e+04
4.603000000000000000e+04
4.628500000000000000e+04
3.366000000000000000e+04
3.406400000000000000e+04
4.659900000000000000e+04
4.626700000000000000e+04
4.634800000000000000e+04
3.508100000000000000e+04
4.736500000000000000e+04
4.602200000000000000e+04
4.620100000000000000e+04
4.634600000000000000e+04
3.501600000000000000e+04
3.493100000000000000e+04
3.430700000000000000e+04
4.736800000000000000e+04
4.627500000000000000e+04
4.627600000000000000e+04
3.499300000000000000e+04
3.398600000000000000e+04
3.390600000000000000e+04
3.404900000000000000e+04
3.942500000000000000e+04
3.908900000000000000e+04
4.599700000000000000e+04
4.618900000000000000e+04
3.491900000000000000e+04
3.394800000000000000e+04
3.404800000000000000e+04
3.908300000000000000e+04
3.496500000000000000e+04
3.368600000000000000e+04
3.362600000000000000e+04
3.906500000000000000e+04
4.599400000000000000e+04
4.591000000000000000e+04
4.590900000000000000e+04
3.370400000000000000e+04
3.396000000000000000e+04
4.598800000000000000e+04
4.622300000000000000e+04
3.353300000000000000e+04
3.367800000000000000e+04
3.368100000000000000e+04
4.582200000000000000e+04
4.614200000000000000e+04
4.616100000000000000e+04
3.487100000000000000e+04
3.367600000000000000e+04
3.387200000000000000e+04
4.590000000000000000e+04
4.556300000000000000e+04
3.495000000000000000e+04
3.327400000000000000e+04
3.392900000000000000e+04
3.392500000000000000e+04
4.587800000000000000e+04
4.555800000000000000e+04
4.621400000000000000e+04
4.613700000000000000e+04
4.615400000000000000e+04
3.488800000000000000e+04
3.351900000000000000e+04
3.358700000000000000e+04
3.392400000000000000e+04
3.384300000000000000e+04
3.895900000000000000e+04
4.553500000000000000e+04
3.384200000000000000e+04
3.382200000000000000e+04
4.612900000000000000e+04
4.614500000000000000e+04
3.325900000000000000e+04
3.383600000000000000e+04
3.383100000000000000e+04
3.381500000000000000e+04
3.895600000000000000e+04
4.611900000000000000e+04
3.484200000000000000e+04
3.483700000000000000e+04
3.349700000000000000e+04
4.554200000000000000e+04
4.611700000000000000e+04
4.610500000000000000e+04
4.610200000000000000e+04
3.349600000000000000e+04
3.321500000000000000e+04
3.324000000000000000e+04
3.315100000000000000e+04
3.382800000000000000e+04
4.578000000000000000e+04
4.554400000000000000e+04
4.552800000000000000e+04
4.611500000000000000e+04
3.348500000000000000e+04
3.340600000000000000e+04
3.355000000000000000e+04
3.314900000000000000e+04
3.381000000000000000e+04
4.585800000000000000e+04
4.551700000000000000e+04
4.543800000000000000e+04
4.611400000000000000e+04
3.484800000000000000e+04
3.482300000000000000e+04
3.322700000000000000e+04
4.583500000000000000e+04
4.549900000000000000e+04
4.552000000000000000e+04
4.543600000000000000e+04
3.482500000000000000e+04
3.339100000000000000e+04
3.353900000000000000e+04
4.568800000000000000e+04
4.542800000000000000e+04
4.547000000000000000e+04
4.542500000000000000e+04
3.345600000000000000e+04
4.565500000000000000e+04
3.318800000000000000e+04
3.316700000000000000e+04
3.316900000000000000e+04
3.316400000000000000e+04
